<?xml version="1.0"?>
<opencv_storage>
<intrinsic type_id="opencv-matrix">
  <rows>3</rows>
  <cols>3</cols>
  <dt>f</dt>
  <data>
    4.41058868e+02 0. 2.89540466e+02 0. 4.41474518e+02 2.60013275e+02 0.
    0. 1.</data></intrinsic>
<rotation type_id="opencv-matrix">
  <rows>1</rows>
  <cols>3</cols>
  <dt>f</dt>
  <data>
    -2.14913011e+00 2.13534331e+00 -6.82886392e-02</data></rotation>
<translation type_id="opencv-matrix">
  <rows>1</rows>
  <cols>3</cols>
  <dt>f</dt>
  <data>
    1.53131546e+02 -7.30572052e+01 1.58333716e+03</data></translation>
<distortion type_id="opencv-matrix">
  <rows>1</rows>
  <cols>4</cols>
  <dt>f</dt>
  <data>
    -3.27560753e-01 9.54347476e-02 -1.01620634e-03 -8.00064183e-04</data></distortion>
</opencv_storage>
